# perf_4d: 121 dates x 4 assets
100.000000 100.000000 100.000000 100.000000
96.918337 99.411797 98.948409 100.064014
93.701365 100.713815 98.594181 96.997221
90.517494 96.335432 94.857562 97.020192
92.678814 96.033815 94.258522 101.584366
94.911967 95.155523 94.352535 100.989152
95.331719 97.356766 94.520188 102.493784
96.789173 99.812401 94.271889 102.861915
101.896856 101.469880 96.204334 105.942971
100.439573 99.990679 99.130379 109.063146
97.667187 99.059712 95.272269 103.658833
97.722937 102.753059 96.131713 108.205932
95.139910 102.016872 95.398341 107.431799
97.660583 104.529217 95.607102 105.514470
96.322189 103.934382 93.915943 101.189325
92.080383 104.088706 93.315482 98.801120
93.180991 105.847171 93.647684 98.591399
96.034360 109.349867 98.510220 103.411682
96.725600 108.537193 97.760641 101.898467
96.937164 109.203905 100.641631 105.873036
96.940556 110.250928 98.283756 103.988780
94.306577 109.403019 96.138851 100.946744
94.282574 104.675904 94.736289 100.649506
97.380048 103.154130 94.298694 96.464913
100.801587 104.097187 95.965766 94.528051
100.141718 102.303759 92.682502 90.855965
97.670250 99.161999 87.579764 91.150787
97.519185 99.271738 87.676045 90.517058
97.099050 100.135617 87.023483 92.776758
96.288534 102.270968 85.331302 92.967901
97.727367 105.826088 88.955341 92.616033
95.857571 108.640018 88.158255 89.328382
98.359372 111.032211 86.770431 88.587919
101.356012 110.923497 86.195249 88.013773
104.500930 107.742963 86.630891 88.007304
105.255274 109.406614 86.868913 89.239929
105.934684 112.852875 83.161423 88.516850
105.790237 108.993731 84.627629 88.934844
101.143526 106.179581 84.072973 87.477759
99.142756 106.683349 84.201681 85.423331
98.513561 109.581499 86.891084 84.607165
96.936385 112.426243 88.244310 85.146818
96.183884 112.581833 89.891049 81.177158
98.315791 111.214560 87.570410 79.738560
95.680525 107.494334 86.147043 77.657672
98.125751 104.810493 87.685703 75.970440
98.580291 104.235773 89.536334 74.267146
98.841085 108.240751 93.220963 75.216412
100.878118 112.005451 95.862899 78.704237
103.617984 107.598612 96.997254 85.133574
102.841276 106.690805 96.804510 83.456219
102.192216 106.343115 101.112722 83.761977
103.884457 106.724374 99.734896 82.786007
101.140771 109.190875 99.212580 80.133040
101.273389 114.802513 101.408213 81.478488
102.180387 114.314720 99.327629 83.641903
93.991430 109.318314 93.934388 79.992227
92.350356 111.598503 97.487670 81.052273
89.518909 108.434817 95.145884 78.056111
86.813945 111.708178 97.238482 76.815600
84.968374 111.009085 95.094405 76.981299
86.802996 112.162312 94.040494 76.848645
83.300370 109.458022 96.181952 75.227888
84.837257 113.506378 101.359113 74.848268
84.458883 111.873816 104.006555 76.813356
82.254057 109.317840 103.421077 79.424124
81.543257 112.188070 102.024743 77.397628
83.341188 111.162896 98.876591 79.256281
84.710425 108.597958 100.637989 80.222211
85.984677 106.573082 99.607447 76.307294
81.425731 106.310136 96.984393 75.255348
80.990087 104.789830 95.335604 75.459170
80.517033 100.823921 96.566584 77.274321
82.156501 105.286445 98.764217 78.817106
84.627889 107.938359 97.669307 79.285309
84.863120 113.825681 99.362897 79.238931
82.563299 112.175999 96.764465 77.838086
80.469713 106.876554 94.130226 76.673524
80.726697 103.222153 92.633368 77.188593
81.330191 101.963831 91.528793 76.106698
81.767433 101.266417 92.401435 76.503555
82.084076 103.296649 94.792677 76.647752
81.469766 105.225415 94.425068 74.688265
80.263075 101.996618 93.096970 73.837106
83.059575 104.422040 95.922385 77.771254
84.677763 103.064730 95.900635 76.740160
84.246889 105.733632 102.847474 79.687304
84.781202 104.197076 103.207284 82.350279
83.106806 104.399666 104.593631 83.998007
88.357904 107.024821 107.805418 84.255929
87.327645 104.232833 106.858964 84.187413
88.893761 106.940878 106.967398 83.161762
86.649221 105.139076 104.618326 79.861064
87.558922 102.885322 103.982404 78.509916
88.335548 104.449825 102.570489 79.406329
93.003955 107.789431 102.530901 84.870024
90.815594 108.606992 99.644233 85.406727
90.505787 109.818698 100.389907 82.944834
86.888400 105.943664 100.181490 82.082881
89.659222 110.428627 106.317664 82.800048
87.071807 106.367984 107.546964 81.069222
87.797569 111.683122 108.399891 81.156361
85.743585 113.222841 110.662201 81.546748
84.985521 112.566431 111.189869 83.321897
82.908523 109.511182 111.796338 84.018801
83.048839 109.268129 114.350343 84.702516
79.521298 104.786325 113.438783 82.681662
80.427612 101.117386 115.608254 83.049989
80.059551 101.149226 114.655986 82.416312
75.553159 96.503462 114.025103 80.044046
73.870017 96.758954 117.269373 80.153462
75.485935 96.160123 113.136778 82.581910
74.103639 97.304000 115.644875 85.989181
73.150136 99.398316 113.538668 83.153051
70.224530 98.344979 108.275569 86.289885
72.275422 102.070649 111.320240 89.985711
71.543282 99.247194 108.134301 89.905466
71.773301 100.400273 105.414321 91.383116
74.233286 102.794639 101.838241 90.781896
74.266104 105.555867 103.145592 93.268612
72.509491 102.931040 100.190802 94.512833
