# call_1d: 253 dates x 1 assets
100.000000
100.065279
102.242849
104.245896
103.423271
102.950831
102.110961
103.043013
102.963820
104.193952
101.217893
103.757916
103.612283
104.740401
104.527301
103.916962
104.689573
106.069918
105.744205
105.502110
106.659741
105.219778
102.751770
103.404713
102.330136
99.293070
98.039428
97.331224
95.530231
93.321708
93.386223
94.725976
94.389597
93.301335
93.879457
94.956707
94.519904
95.345033
96.934944
96.630546
95.411329
95.946082
96.331846
98.024527
96.072351
95.087377
93.851188
91.333381
91.525863
92.300338
91.243070
93.266690
94.492570
95.441695
96.058360
97.526135
95.512561
96.451504
97.382572
94.719738
95.249684
94.885606
96.071618
95.420500
95.403977
95.931439
94.627489
95.534660
95.387752
96.141412
95.365423
97.021851
97.962166
97.699047
98.687499
100.676423
103.568589
101.045073
102.471918
103.236969
103.096241
101.486272
103.527418
101.502159
102.424169
104.557723
101.968195
101.495132
99.435251
99.829554
102.250688
105.573736
102.670111
101.756279
102.901726
105.505310
106.219617
104.990735
105.495213
105.479639
105.153734
103.956305
104.604181
105.124594
104.982743
104.628796
102.544553
101.774024
103.738031
103.438979
101.131622
103.291226
104.169296
107.697973
107.816350
107.047995
104.647034
106.863860
111.289597
109.872583
108.771002
109.809599
108.395365
107.946801
107.365960
107.703312
109.588911
109.639511
111.250384
110.529763
111.114507
107.447404
105.033675
106.370636
105.398633
106.377763
107.302480
109.572868
110.995477
112.800373
112.615017
111.396087
110.132625
109.301863
107.386491
106.476793
106.333812
106.768178
106.211987
103.054287
102.948787
103.326574
105.118425
106.091524
105.033686
103.855114
107.208423
108.505931
111.693821
115.516234
114.050525
114.757713
115.601924
116.638540
117.651633
118.040070
118.377718
115.622717
115.335089
113.998113
114.237735
113.412611
114.535804
116.036035
116.614815
117.210280
117.395368
116.583690
116.295320
115.404254
116.124806
116.163871
117.245549
114.830862
116.460898
115.083543
113.773378
113.433097
112.443944
112.973548
111.969391
110.111880
108.667296
110.948571
111.038597
109.028037
109.054864
106.427215
109.481812
106.896839
107.718138
108.656700
106.215705
106.731356
108.433063
109.246933
109.709445
111.374280
111.669601
112.275627
112.064587
113.198109
111.545005
112.957465
112.074930
110.178919
110.827152
113.834704
115.585038
114.663286
115.944008
115.130740
114.919205
115.094478
110.982738
111.330851
109.552696
108.368425
105.893237
103.405890
101.892771
103.238002
105.994668
105.964691
107.814711
107.379673
104.206472
104.464708
105.212455
104.516577
105.027200
105.990595
104.571083
102.178696
101.834899
101.508553
100.957862
102.551487
105.388607
104.711301
105.882244
107.475179
108.701455
