# basket_10d: 251 dates x 10 assets
100.000000 100.000000 100.000000 100.000000 100.000000 100.000000 100.000000 100.000000 100.000000 100.000000
100.144517 99.277901 100.624070 99.178941 98.839638 100.102926 100.859457 100.961540 101.148869 100.455129
99.715421 99.608042 101.138608 99.352042 98.358110 99.967610 101.085117 99.999586 100.749828 99.313990
101.992669 101.700409 102.664446 101.819556 100.277280 101.305806 102.878264 101.638006 105.704633 100.526838
98.474284 100.360909 99.575627 98.403518 99.056654 98.327369 99.378798 99.170058 102.027051 98.576470
97.502409 99.865210 100.434054 100.044648 97.310756 97.772596 98.838530 99.650631 101.488458 97.615801
99.398496 102.410866 102.250942 99.819476 98.450930 97.819033 101.709031 101.413235 103.213552 99.741875
100.338107 101.717376 102.965415 100.404266 96.531542 98.777407 102.185132 101.466962 103.825074 99.210861
101.735813 102.170600 102.426667 102.709603 98.011578 99.748082 103.388018 102.922597 106.241345 100.999704
103.615678 102.620270 102.586520 103.631334 99.130286 100.511545 103.450490 103.373901 107.786927 102.488547
102.095944 102.610533 102.497165 103.563217 99.635977 100.584892 104.901756 102.988540 106.932213 102.673408
102.754143 101.909763 102.993565 103.993532 98.828369 100.340477 105.898635 103.976565 106.156711 103.479410
102.873266 104.280097 103.754423 105.524099 98.430251 102.116217 106.836810 104.421901 106.601257 104.181127
102.142237 104.494873 103.091391 104.927364 100.718680 102.182702 107.412356 104.861374 106.749266 104.494823
100.427735 104.232316 102.584016 104.378487 99.080929 102.206291 105.397290 103.900734 105.218771 102.301192
102.444439 107.029970 105.654405 106.556903 100.362989 104.365661 107.348192 104.304475 108.182704 104.963246
101.640191 105.414955 104.672399 105.822234 101.467880 104.219465 105.927786 104.305053 106.532582 103.412228
102.311769 105.601187 103.584990 105.090373 100.842068 102.997476 105.055624 103.940836 105.816222 102.168806
103.293039 107.927798 105.684195 105.528058 101.315151 104.185242 106.359880 104.238422 107.321267 103.261864
101.709016 105.035338 104.017260 103.233216 101.320026 101.874854 104.195232 105.077861 104.853200 102.683358
101.971449 104.885511 103.014804 103.129501 102.532305 102.710732 104.367810 106.091210 104.805982 103.088347
103.563216 105.970847 104.894058 104.511751 102.840798 105.027998 105.032036 108.588740 107.165459 105.816972
104.637904 106.471432 104.600940 104.380666 102.619627 106.174602 103.858246 109.637055 107.161935 106.426557
105.899352 107.941636 106.694126 105.039438 103.381703 106.062899 104.591184 110.469528 108.444513 107.910938
107.588388 110.446199 107.681460 106.248832 104.356382 107.094340 106.871490 113.419349 110.737792 110.105368
106.456499 109.194541 106.713609 103.163589 103.393483 105.644375 107.239842 112.135675 108.041200 108.927965
106.289595 109.413692 105.628992 102.943117 101.516114 105.445334 106.588374 109.435865 107.933665 109.222524
107.905990 111.235545 106.305571 103.348722 102.913993 107.552582 110.442246 111.367595 107.939528 110.397251
109.109172 112.737999 108.380816 103.758450 103.600463 109.271228 112.034549 113.004883 108.631479 111.170580
109.854190 114.265613 107.914208 104.424110 104.653600 110.205892 113.066636 113.673054 108.660616 112.929474
108.107744 113.512727 105.842745 102.644414 103.199862 107.794499 111.530641 112.877507 108.295065 111.109739
108.524050 113.198433 104.765273 101.842347 104.668416 106.761938 110.740330 112.238667 108.875248 110.978676
107.747098 111.986396 104.267210 101.399283 102.411673 105.909340 109.942743 111.628523 107.645022 110.491849
106.176953 111.243921 106.159898 101.701220 101.566672 106.303644 110.803605 112.392010 107.467396 110.696346
106.584327 115.220886 105.823105 102.358935 102.246369 106.915727 111.800632 114.432519 107.341821 111.447858
105.275029 115.096731 107.162807 101.414496 101.891483 106.306326 110.560940 113.555363 106.816313 109.758802
106.304503 114.682304 105.246003 101.190147 101.353016 106.579683 110.245682 113.554248 107.055824 108.407486
108.403750 117.125867 108.086005 102.381623 103.164151 108.602165 110.871695 115.945328 109.283284 110.714795
108.717766 118.621205 109.244455 103.456908 104.727792 109.409653 111.487774 117.753657 110.202188 112.036306
106.734957 117.624544 106.390633 101.394823 102.916362 109.960995 109.820259 116.966605 108.326840 110.314149
104.550480 117.456493 106.074226 101.429635 102.717893 109.376457 109.874725 116.423506 109.219107 110.522035
104.097506 115.792381 105.159795 99.680596 102.127597 108.339428 107.350870 116.318102 107.590222 107.677029
105.904152 116.610102 105.576301 99.951335 102.872049 108.984909 106.924120 116.939467 108.168971 108.605607
103.776051 114.751851 102.787755 97.689632 99.916397 107.143737 104.697934 114.472900 106.165392 105.644991
102.056882 112.202400 102.313415 96.252224 100.790077 106.936606 103.960927 114.440579 104.837444 105.031979
102.023899 113.258795 101.199980 95.361749 101.004446 107.557717 105.293870 114.533565 105.079406 103.986095
102.710068 114.450927 101.617388 96.221574 101.853216 108.752666 106.178272 116.883933 107.925880 104.985191
102.585612 112.906358 101.029917 96.799805 100.670880 107.519813 107.109130 114.725841 108.343022 105.062000
102.637765 112.246890 101.123495 97.901044 99.709820 109.006215 108.152135 114.528612 108.589260 106.096947
101.035990 109.466762 98.545532 95.144399 97.801137 107.688300 105.387591 110.912701 106.347366 103.235594
100.627514 109.378911 98.913538 95.321931 98.156391 107.702359 106.637991 110.328319 109.203782 103.707290
101.462012 110.320639 98.519480 95.789106 99.363422 109.225929 107.903613 110.937780 109.396197 103.488202
103.245784 113.293896 99.772891 97.671417 100.852069 110.981480 109.407358 113.902424 111.482728 104.945619
104.947509 112.819552 100.730782 98.494818 100.653004 109.831795 108.148481 113.531957 110.810790 103.096853
104.555574 111.873875 99.983632 97.636417 99.673398 108.333752 107.530376 112.376921 111.171611 102.487126
103.050545 113.362500 100.250126 98.487778 99.839441 107.369333 108.189119 112.981229 109.690735 101.584926
104.025634 113.356013 100.236599 99.277418 102.130140 108.284271 110.618806 112.854112 111.403761 102.475444
101.309541 111.484545 98.037005 96.951385 102.694640 104.746292 108.824433 108.958717 109.612017 100.393571
102.595620 112.774276 99.030034 97.252768 103.196084 106.672349 110.659138 109.010537 110.376015 102.171258
103.772554 115.949951 99.740431 99.084589 104.413236 108.623390 112.245167 111.334193 113.247207 103.223087
100.536098 114.463399 98.117411 97.027766 103.368147 109.043057 111.226128 109.258187 111.439198 101.404847
99.531080 112.975035 96.728208 95.569036 102.399892 107.631011 110.103836 107.017382 109.288064 100.728489
97.447422 111.528683 95.213037 93.575268 100.896645 105.782454 107.156369 106.123671 108.201839 97.494022
97.586642 112.886333 97.803022 95.723827 100.925124 106.489412 107.703964 106.335764 107.675018 98.316224
97.800608 112.484207 98.138160 95.435365 101.927699 107.272428 108.577004 106.274139 106.128518 98.104941
98.151932 109.368814 96.853117 96.119490 100.457213 106.009517 108.576597 106.983840 105.043487 98.944877
98.069670 109.289651 96.095117 95.863052 101.312713 104.550547 108.002966 105.299225 104.146903 98.497232
98.307026 108.853977 96.404076 95.649945 102.160225 103.165789 106.346917 106.664225 102.845211 96.055217
96.313359 107.532838 95.651743 96.396567 103.375701 102.585497 107.066017 106.590990 102.782852 96.693672
97.970136 108.435814 97.761406 98.172276 105.044923 103.630857 109.081850 109.163326 104.892140 98.212159
99.279404 109.825812 97.915465 100.061164 103.585128 103.170110 108.047220 109.936400 105.372505 98.653694
99.369016 108.133154 96.751387 100.521606 103.595946 102.247024 105.935995 110.197616 105.060975 98.528795
99.697609 108.972204 94.345910 100.514988 103.955542 101.211190 107.340248 109.573785 104.223970 98.749324
99.059070 107.469717 93.233891 99.014577 102.436456 100.044731 106.394746 106.919655 103.388598 97.890360
100.769295 109.592789 93.922448 99.783155 103.322039 100.999735 107.045037 108.461027 104.430750 99.114544
99.091928 106.230594 92.375756 98.097030 100.054050 98.447864 104.230845 106.177101 102.053524 97.213619
97.774823 105.026128 91.142199 97.322191 99.412731 97.302954 101.686228 104.766021 99.457603 95.220693
97.307136 104.321485 92.681479 98.741631 101.070873 98.533721 101.549036 106.069372 99.728368 95.903114
95.506665 102.718227 92.479828 95.748419 100.226148 96.817609 99.533559 105.722127 97.845186 95.219854
95.986824 102.768008 93.021056 95.541425 101.675802 98.033340 98.795933 105.550958 98.121359 95.574038
97.120449 102.474062 92.144682 95.585708 101.392510 98.524925 100.254528 105.036024 97.389134 94.668649
98.748528 104.381872 93.192961 97.128865 101.607601 100.199717 101.260020 106.022172 98.556393 95.914075
98.868403 101.375559 93.186184 95.072177 99.795962 99.220719 99.421546 103.771603 97.320945 95.225110
97.462145 100.214588 90.830769 93.705135 100.123302 98.941525 97.929755 102.670991 96.375784 94.265915
97.948637 101.544145 91.827647 94.418332 101.315523 99.389218 98.064635 102.066142 97.407594 95.103004
98.657964 101.566984 93.040154 95.750744 102.308626 101.116440 98.955188 103.711378 97.785657 96.753287
96.858771 99.565624 91.750483 95.333195 101.120169 98.945967 98.028311 100.284280 96.307159 95.349884
96.722805 99.852692 92.065152 95.493635 100.664821 98.609685 98.335948 99.154860 95.276202 95.112119
96.460128 100.362160 92.857762 95.598242 100.318600 99.505552 97.251122 99.921161 96.829711 95.031474
97.419914 101.477246 93.039968 95.622022 101.686689 100.048738 97.120770 98.518346 96.913524 95.309040
97.971343 101.721714 92.059323 94.414980 100.655336 99.649502 96.144020 98.250305 96.987003 95.139349
98.892984 102.778175 92.486130 94.413666 102.531936 100.770904 97.800584 100.127711 98.323690 96.451685
100.174498 103.126474 92.023589 95.180672 103.965748 100.824720 98.063898 100.957743 98.118335 95.670684
100.543345 103.170683 90.867128 95.849191 103.064376 99.384157 97.752840 100.649634 99.304027 95.821576
99.086669 101.274858 89.070919 94.811783 101.183610 98.499709 96.087921 97.689715 95.812382 93.233750
98.343735 100.422766 89.154144 94.937973 99.898692 98.248455 94.231560 97.852702 95.195584 91.673715
99.371740 101.225934 90.484205 95.541962 100.890544 99.989370 94.411501 99.068864 95.227496 94.954733
99.331532 101.554767 91.948458 96.042770 101.779187 100.737782 95.757306 99.994540 96.266808 95.881748
98.646640 101.901292 90.836580 94.046099 101.360116 101.365030 96.351614 99.897848 95.177700 95.453907
99.055576 103.608443 91.750438 96.135813 102.966978 103.029902 97.449977 101.135393 95.840639 96.614044
98.924956 104.913443 91.131976 96.326471 103.064759 102.267272 98.646076 102.120060 96.431136 96.380302
98.155253 103.571852 88.748258 96.939536 102.913630 102.291652 97.421854 100.705283 96.224276 95.155867
99.240405 103.188907 88.634914 96.805629 102.811876 101.203326 97.708312 100.628772 93.784618 93.280054
99.332651 102.312861 87.763393 94.578641 102.257652 100.691258 96.841662 99.391403 92.712321 93.216420
99.997497 103.335378 88.210469 95.159695 102.619438 101.888856 98.083530 98.463379 93.749439 95.308095
100.626445 103.756731 88.748379 95.483561 103.894782 103.313417 98.309812 98.666770 95.419796 94.928594
100.464748 104.524053 88.641480 95.753051 105.531551 104.080748 99.761114 98.864721 96.107210 93.618629
101.276690 104.450257 88.728323 96.849029 104.027384 104.348259 100.663488 99.893704 94.776881 94.178828
103.004478 104.474105 89.712004 98.027496 104.716848 105.037278 102.581842 101.188026 95.568574 94.307795
104.559322 107.857679 92.571587 98.044464 105.329298 106.898990 104.287905 102.621134 95.215233 94.843572
105.225666 107.286162 91.359345 97.452816 105.164727 106.980984 103.133393 101.239413 94.608866 94.595907
106.601698 107.059485 91.286447 96.146229 103.554309 108.095938 103.132346 101.822723 94.707047 93.968467
108.093531 109.246962 92.828312 98.734484 105.504384 109.897527 104.859541 105.011953 96.058525 96.802607
109.774378 109.905139 95.951254 100.117556 106.309832 112.435708 106.199712 107.240124 97.425149 97.008808
110.846685 109.950292 96.909474 100.483322 106.249520 112.936487 107.519624 108.309509 97.785471 95.500209
111.979887 110.728292 98.326160 101.052933 107.035148 113.525700 108.574674 109.076718 98.202591 97.731662
110.923407 110.994673 98.514053 99.752460 108.440619 113.216749 107.944712 109.444616 98.165664 97.389456
110.567297 110.405145 96.356545 100.303417 108.905683 112.574818 106.670060 109.217977 98.607807 97.797760
111.263235 110.704004 96.871111 100.927583 109.439813 113.628561 107.882161 111.015157 100.196288 98.464334
111.418092 110.253198 97.185960 100.209428 110.917803 112.623120 108.217532 111.457021 100.753588 101.080324
110.945755 109.537631 97.259309 99.162606 110.813668 114.946763 108.279560 111.695391 101.147019 101.094176
109.878663 107.479962 97.865877 98.365313 110.420838 113.347198 106.926912 111.356929 100.066609 101.093156
111.017704 107.198271 99.542263 98.926053 112.095284 112.850399 107.477344 112.947599 100.743862 101.759718
110.940170 109.514395 100.015164 100.186251 112.480694 113.303901 108.749202 115.048290 100.289900 102.953742
111.230049 109.720458 100.166597 99.484796 113.386973 112.825185 108.464819 114.577363 99.223734 102.466557
109.323449 107.571292 99.159821 97.928532 111.665292 110.806601 107.390111 113.750881 97.958107 101.729401
106.826053 106.647302 98.146264 96.378467 111.302938 110.383189 106.014746 112.351172 97.241027 100.393356
106.072996 104.416100 97.914762 94.933961 109.730584 109.584512 104.732858 112.112900 96.252568 97.898167
107.381960 105.463340 98.723585 95.973479 110.496177 111.351882 106.351046 113.676539 97.705048 97.744541
107.982746 103.299953 98.522024 96.724240 112.283014 111.417108 106.280144 112.483175 99.010874 96.455714
107.185627 102.511832 97.257823 96.309404 111.850625 110.840574 106.856963 112.598016 98.199816 95.450375
110.184284 102.823806 98.034423 97.405467 111.586382 112.267297 107.030378 115.431800 98.878336 97.005728
110.662223 103.007855 97.864490 97.110641 112.694844 113.255015 107.122150 115.976971 98.536313 97.088952
109.826698 102.049665 99.422203 97.290933 111.146953 115.080696 106.759438 116.926305 98.078955 97.151962
109.004333 101.658712 100.337759 98.713691 113.470484 115.448060 107.783222 117.303323 98.506131 99.208421
109.768427 99.719853 99.761429 98.682490 113.794085 114.659955 106.572740 115.055258 98.594973 98.808246
108.089091 99.602035 100.557807 97.907037 114.683834 113.353296 106.662494 114.572897 99.185619 98.742773
110.231260 100.820560 100.567840 99.071447 115.859448 115.452473 106.927037 116.639823 99.386046 98.043813
109.617699 100.544789 102.053226 99.348768 115.275488 116.957594 108.607522 118.389872 98.742722 98.067441
110.962014 99.593186 102.212430 99.503552 115.434685 117.166643 109.104078 118.173413 100.035322 98.436476
112.069160 101.530096 104.699337 101.667079 119.119450 119.207775 111.371303 120.334508 101.608938 100.635358
111.816080 101.557556 104.360711 100.449826 119.554176 119.995686 111.607019 120.446247 101.908382 100.748076
113.338959 101.826941 104.888573 100.367349 118.758386 119.588841 112.105539 120.213122 100.821753 100.678403
114.492325 104.152818 107.176332 101.131917 121.448028 119.150975 113.710093 122.445687 103.146143 102.297413
113.356468 104.748084 108.276788 101.551370 120.024284 118.422025 113.078218 120.879966 101.813141 100.997982
113.212322 104.915163 109.218773 102.054746 122.039373 120.554804 113.628607 122.226427 102.981067 101.763754
113.604813 105.741103 109.382099 102.450422 122.951388 120.552863 115.463332 121.470135 104.337276 102.031295
110.885470 103.893307 107.718216 99.678580 120.492001 118.499076 112.537258 119.780683 102.938975 99.668239
110.235033 104.339339 107.734194 100.182299 119.958990 117.803700 113.102470 119.956178 103.374867 101.132648
110.814229 104.535005 106.341480 100.273830 120.383664 118.001731 114.255716 121.751814 103.864174 100.868454
110.186642 104.206528 107.369888 100.449387 121.861688 117.163180 115.618041 122.741614 103.993035 101.551114
111.769450 105.826806 109.744428 102.439577 124.646736 120.205482 117.842387 125.139594 106.583947 104.158528
110.297178 104.345057 107.466151 100.897787 122.090488 119.857776 114.893341 123.030090 105.318949 101.164948
111.621876 104.858746 108.112166 102.054329 125.420267 121.038991 115.649819 124.965604 105.353817 102.585134
112.379024 103.516770 107.374544 103.152824 126.194101 121.091749 117.689361 123.131338 105.380824 103.205100
113.027003 104.420576 107.252414 102.738987 128.583710 122.125436 119.171428 123.110986 105.214480 103.403013
114.440488 105.823437 107.778789 103.107727 131.314233 123.537523 120.837699 125.448509 107.833453 104.540693
115.574475 105.983713 110.394882 104.515839 132.811181 125.168706 121.519302 127.446467 109.096951 106.041603
116.418795 106.173065 110.971989 106.412030 136.055396 126.146770 123.247023 128.414438 110.525872 109.023415
113.919033 103.884380 110.205904 106.575068 135.023131 123.457959 121.076885 126.496711 110.580400 108.874157
114.927446 107.846867 110.418914 108.257794 136.744923 126.310126 123.352990 127.964720 113.464086 110.749817
114.329046 107.304744 108.685387 108.510260 134.042730 125.257736 123.329005 128.075945 113.590436 110.548276
114.813693 106.231158 107.782695 106.652324 134.623619 124.890235 124.376344 129.149469 113.298668 110.098631
115.052558 105.946386 108.222583 107.656355 134.683124 127.120282 124.141991 128.429611 113.142465 110.942179
115.630242 105.103627 107.491348 108.581222 135.273025 124.824416 124.151917 127.989630 113.037771 111.593829
117.285280 106.501983 109.848940 109.285484 136.573675 127.495270 123.979177 129.574717 113.815300 112.953248
117.252955 105.729655 110.191693 107.954528 136.597295 127.057174 122.171201 129.706004 113.084480 113.490422
117.054049 105.969904 112.518459 108.589720 138.078678 128.702794 124.410253 130.777547 114.011964 113.293727
116.604842 105.218862 111.434520 108.019392 138.077275 126.994343 125.458772 131.707179 114.001234 113.936879
114.450739 103.736152 109.991498 106.843190 135.646171 125.416663 123.822888 131.876244 113.398820 112.671942
114.197285 103.107097 109.732820 105.748960 135.317263 126.770760 122.620359 129.259073 114.137050 111.198373
111.820389 101.939356 107.312610 103.446304 133.724926 125.422076 121.204699 127.171969 113.304948 110.067811
111.455702 103.304237 107.440202 103.496342 133.706554 125.852857 121.244736 127.460479 110.989126 111.161515
111.902986 104.341054 107.262822 106.008483 136.984020 125.865455 121.501468 126.712965 112.700500 112.663295
111.661777 106.830925 105.790657 104.312122 137.978010 127.471845 122.462696 128.175126 114.112348 111.224946
110.371664 105.361313 103.997317 102.053760 137.128650 126.088118 120.642194 125.166477 112.593332 110.208510
111.371304 107.093842 105.531959 102.867622 139.075052 125.878442 121.374515 127.772136 114.012246 112.781180
111.373524 106.345045 108.223195 102.762388 139.779026 128.997585 121.484205 126.869367 114.194508 114.104010
109.878383 103.903699 106.566376 100.726668 137.861100 127.454429 118.096278 126.200918 111.913445 111.745972
111.001332 104.681806 107.736476 102.235113 139.766544 129.020646 118.081771 126.418115 112.345210 113.067476
111.976543 105.736289 109.050285 102.206827 140.083150 128.315919 118.303102 125.342779 112.176185 111.297431
111.116180 104.817023 109.573778 101.405201 140.095999 129.486640 119.565862 125.867828 110.694285 110.793283
112.351052 105.560154 111.038001 101.312566 140.557102 130.734967 118.868795 126.803561 111.466909 110.472394
113.503672 107.701035 113.424399 102.849043 142.512131 132.986773 121.893819 127.893408 114.520577 112.096735
113.176392 107.136534 115.329905 102.418940 143.868107 133.530768 121.361833 127.517658 115.869425 112.889953
113.018464 106.843928 114.677820 103.224722 145.373222 131.980767 121.589908 127.975290 114.816808 112.268605
112.693017 107.107395 114.435885 102.876660 143.790572 132.375500 121.298112 127.555192 114.276311 110.974201
110.884507 106.789679 112.640204 101.280159 140.540926 131.459697 120.627887 127.102353 112.532709 109.939369
112.516753 106.667800 112.209906 102.645714 140.194358 129.296083 119.121961 125.482728 111.543854 109.294300
112.961804 105.934257 112.230452 103.557656 140.851360 133.616822 121.285162 126.428892 112.613048 109.647886
113.054552 106.124747 112.165649 104.048702 142.554936 134.167800 120.752805 127.478758 113.510090 112.108666
112.858882 105.357926 112.343097 103.556352 142.727341 135.198602 121.540812 128.878103 114.718278 111.725891
113.112644 105.146964 112.579910 102.781582 142.648889 134.830193 122.088738 127.546777 113.198998 110.468850
113.139711 104.572665 111.608437 101.571109 143.997257 133.083936 121.070856 128.429607 112.568785 109.237147
112.046156 102.936180 112.105991 102.293452 143.985985 134.781125 120.617482 128.718247 113.143489 109.559242
112.041726 101.965362 112.116045 101.872036 144.260785 131.880301 120.389310 127.809041 112.923092 108.136489
113.314070 103.890582 112.306265 100.635711 142.889620 131.467768 120.474367 128.989351 114.391628 108.624773
111.853871 103.461819 110.720968 98.310096 142.411135 130.393809 119.039817 128.744085 112.891061 107.977872
111.130627 102.142068 110.910485 97.202556 139.878960 130.394356 118.756223 129.064123 110.491504 107.486249
109.338991 100.744562 109.394404 95.351305 137.031953 127.002706 116.584434 124.864341 106.429487 105.800323
110.667150 101.584259 109.653652 95.059065 136.787538 125.237991 116.747634 125.938810 108.235508 106.425660
109.100588 102.400733 110.665507 95.598857 135.879906 125.554300 115.673200 126.032275 109.061996 106.070254
109.972570 103.242842 111.195766 95.127221 135.148939 125.097385 113.740786 125.884998 108.323218 106.099111
110.474878 103.503556 112.320486 94.737884 133.855924 125.422334 114.115891 126.717802 108.842082 106.616014
109.335451 101.529780 111.252917 92.057377 131.886034 122.849370 110.319488 123.075465 105.241757 106.282419
107.321002 100.738785 110.574538 90.826828 130.143931 121.970010 111.037179 123.181917 103.971380 104.252133
108.204087 101.959331 110.119232 89.798529 130.551742 120.413294 111.016060 120.137563 103.163222 102.477641
109.582375 104.432496 111.821769 91.968460 132.770830 123.010335 114.696210 121.887188 103.494935 104.230842
112.807256 107.641202 116.549441 94.584085 136.106330 124.964687 117.050145 124.476011 105.689368 107.485356
113.400678 109.498848 116.981742 94.800455 136.037535 126.743679 117.593326 125.685008 106.500558 107.763878
114.251567 111.506563 117.574415 94.021771 137.869744 128.511916 118.455188 127.659493 108.571650 110.003743
116.534164 112.487025 119.825104 94.513900 139.518130 131.314446 120.213745 128.933510 110.746861 112.303374
118.162819 110.368196 118.310453 94.349311 140.293056 131.704123 118.850425 128.247822 110.131174 110.328586
116.308949 108.395285 115.486019 94.296176 137.693484 130.086467 116.405070 126.687543 107.449362 107.503361
118.767160 109.556110 115.591017 93.946811 137.623067 131.837121 117.971678 128.615310 108.050259 108.648699
119.091918 109.057453 114.871723 93.929115 138.560426 133.475138 117.161212 128.460648 108.197255 110.169254
117.333493 107.728402 111.986452 91.815909 135.024252 129.284286 113.873179 126.393574 106.123143 109.944795
117.122008 108.754238 109.918001 89.907469 135.448456 129.731427 113.147180 124.928102 106.632787 109.101047
116.594908 107.474756 109.236956 89.960164 136.341672 128.788712 112.954341 123.985768 108.046655 107.558160
114.142748 107.223667 109.030748 89.889137 134.504881 127.366286 112.579114 122.637673 106.672225 106.197395
116.878934 106.183295 109.830257 89.800210 134.154231 128.101260 113.814780 122.707513 109.618171 105.070536
117.314334 106.998405 109.689279 89.858606 133.849273 128.038204 113.972011 123.024375 107.414398 104.950660
117.084282 104.014752 109.252869 88.995850 133.608037 125.825007 113.860678 122.241626 108.528540 101.532357
115.334795 100.041842 108.610929 87.827826 134.014759 125.253669 112.000992 122.523417 107.066493 100.586508
119.006562 101.150462 111.415651 89.269233 137.382677 127.899610 114.077407 126.295355 110.688960 101.087885
116.290898 98.826022 110.282407 87.796516 133.429773 125.983399 111.567551 123.017158 107.472382 98.828232
115.746520 99.733395 109.158779 87.554264 133.455304 125.122634 111.725412 124.088350 107.533822 98.616150
113.875552 98.093449 107.706405 87.230392 132.150456 123.145585 110.594058 123.289919 106.306577 97.191258
114.290117 98.577948 105.986590 86.275236 129.771649 124.252183 110.144143 122.390647 105.415801 96.589037
114.480148 97.571718 106.298610 85.453105 127.725144 126.391867 108.720235 122.378395 105.247125 96.448444
113.578352 96.893208 106.664217 84.775835 126.970958 126.081659 108.203507 120.573856 105.952321 96.946181
114.354254 97.150751 106.591126 84.992151 125.664010 125.079302 107.736153 120.283359 105.638140 96.248965
115.089037 97.075840 106.436478 86.893523 124.905404 125.576924 110.412600 120.276835 104.759014 95.491850
115.661069 97.099190 107.882181 87.660089 126.464056 126.165985 111.040053 121.423927 105.854746 95.398629
114.498926 98.500055 108.224229 86.015691 125.284646 126.136639 110.063922 122.201657 103.879816 95.162200
113.496478 99.374020 109.329765 86.760103 126.199931 128.541144 108.842920 122.903067 104.810531 97.116944
114.028196 100.749318 110.753343 87.854515 126.743107 130.645985 108.416913 123.992153 105.373955 96.129057
114.123713 102.007286 112.075396 88.899800 127.725167 130.864376 108.645447 122.672398 107.158477 97.329806
113.430450 101.744580 110.101941 89.121681 126.310921 129.684429 105.863325 119.837061 106.144437 95.899638
114.006734 102.597927 110.448941 89.606266 128.421403 132.835850 107.017963 121.631862 107.033953 95.449999
114.704051 101.873357 109.039355 88.634917 128.074147 133.371830 106.566585 120.132570 105.789700 95.110427
114.444945 101.532200 108.589120 87.752992 126.774017 131.550398 106.044226 118.705245 105.984037 95.973215
114.257011 101.786511 109.204681 87.362470 125.823061 132.424769 106.645112 119.827389 106.021189 96.448079
113.368975 100.044245 108.601150 85.452761 124.061869 132.022873 104.941593 120.204524 103.566226 95.183568
114.860244 101.647176 110.038081 86.421265 125.244878 133.524902 104.596199 121.341999 103.199679 96.229616
114.447513 99.666191 111.693738 86.421931 124.484168 133.804953 104.899202 121.530419 104.116382 96.379131
113.251248 100.257641 109.316934 85.832584 123.377747 131.471282 103.430387 120.202956 104.699769 96.029615
112.458275 98.560946 107.030537 85.290051 123.336449 129.724087 102.420490 120.005701 104.638402 95.955477
112.752769 98.288141 106.852414 84.952111 121.977289 130.288562 103.970436 120.678706 105.235154 96.855278
112.746318 97.538958 107.162808 85.156953 120.409750 131.126571 103.129646 121.362517 105.202802 96.325706
111.480082 96.014906 104.207698 83.162266 118.547486 127.444194 100.882829 119.512455 101.180592 93.463177
