# basket_3d: 253 dates x 3 assets
100.000000 100.000000 100.000000
100.711467 100.585539 100.316865
97.823307 100.132099 95.566591
98.962980 101.478620 97.729365
100.012273 102.329564 97.406303
99.637971 104.517990 96.868067
99.363842 103.270557 95.593818
98.992597 103.514689 95.051777
98.562928 102.383600 94.779672
96.919366 101.810709 96.280866
95.998850 101.368805 100.714400
94.817002 98.462542 98.747754
97.011843 102.385217 98.503165
97.722830 102.663770 97.822838
95.367778 103.297641 95.720604
95.739117 103.566392 99.128157
97.179730 102.346849 98.870457
98.469243 100.805757 98.238763
98.763735 98.489629 95.625200
96.677450 98.117612 93.902624
97.826851 98.713255 95.408667
97.735409 99.790752 95.502250
96.544920 101.104970 97.108725
99.353589 101.970898 97.325141
97.570297 95.567017 92.850055
98.182256 94.516995 88.648979
98.949330 93.946007 88.188630
98.424654 93.561000 88.670994
96.308590 92.477202 86.953354
97.709418 91.536209 89.690991
98.472517 94.063482 89.510673
99.489348 94.934576 87.733675
99.174644 94.170757 85.981714
98.231177 91.817709 84.414038
98.657319 90.888965 82.031828
99.977123 90.827479 82.443322
99.694751 89.989922 83.032502
99.043176 89.799647 80.732424
97.030797 88.583144 82.589535
97.264217 91.268208 84.017555
97.833129 90.661874 84.008293
100.078050 93.070806 84.365339
99.499269 94.744690 83.861385
100.670920 93.861665 84.923488
102.637603 95.730068 86.339438
102.831558 95.667709 86.354858
104.382612 97.879865 87.991594
102.751921 96.536876 87.644757
102.830848 94.613287 88.211862
106.266132 94.029176 89.177634
108.469941 94.155096 89.216317
108.714870 95.032387 88.882047
110.078322 92.775563 89.709412
110.604111 92.711600 90.462833
110.684024 94.599595 90.267983
110.639452 92.625636 87.986556
110.317181 90.378495 86.023524
108.502415 89.146528 85.391652
109.813001 86.968027 84.872403
111.030491 89.149957 87.935341
109.055082 87.863959 87.915007
110.365650 88.625260 88.913450
110.714581 87.705376 89.015101
111.866681 87.591338 91.168746
107.944730 85.996312 92.314674
109.152297 88.241990 93.584606
107.552043 87.076460 95.285967
105.104505 85.092455 91.156449
104.412669 84.338987 91.662286
103.346737 86.198182 92.950698
102.747643 84.731780 89.939850
102.919710 87.341920 90.506114
101.609804 86.842688 89.165258
100.474264 84.044632 87.944419
102.388968 86.214505 90.715804
102.678781 86.919476 92.658233
102.629233 87.274500 92.122898
104.127319 86.540197 93.505030
105.280861 88.002182 95.510116
104.692697 87.082251 94.391559
104.225919 85.484612 93.062058
103.420256 84.037435 92.995586
102.467242 84.069597 95.167951
104.701805 84.788259 97.884563
105.066656 88.022498 101.970775
106.594967 88.308844 102.167967
107.371052 88.522957 102.094471
108.356460 87.187990 98.501172
107.008173 85.292246 97.374431
105.868578 84.710033 93.473674
107.887484 85.832577 93.034426
108.349240 87.590159 95.127015
108.255207 88.385903 96.867202
106.639809 86.006300 94.671391
108.005998 88.374585 96.064247
110.115095 90.379082 97.220867
109.109903 89.206040 96.732473
111.100644 90.968825 95.672186
109.414723 91.576642 95.705631
108.139913 92.123872 97.840104
109.271981 92.645957 100.733748
108.771861 91.675540 98.698758
111.450763 95.549025 100.648941
112.329714 96.507164 102.933566
114.082812 98.094747 103.835612
113.379451 96.392484 98.509959
113.284761 95.178024 98.235662
113.177320 93.699535 96.963665
113.815068 94.156780 95.826662
112.775342 94.664309 96.110507
113.257616 94.601509 97.542131
113.434076 98.355039 97.879350
112.469692 100.532506 98.101760
111.405434 100.849427 93.994992
112.073271 101.121350 94.742654
110.976113 102.779820 95.409319
110.983606 103.358882 94.201306
110.836750 101.009568 91.793348
111.279050 101.348552 93.241128
110.379171 100.876543 91.769229
110.760039 102.203843 93.979204
111.580655 101.269164 94.342681
110.146160 97.902706 93.339177
110.273258 99.032791 95.043473
108.578450 97.106896 94.011383
108.678503 97.715995 92.061825
108.331318 98.516509 95.273266
106.626025 100.313567 94.734337
104.694681 101.604669 92.698284
103.152594 102.097318 94.016115
103.223935 100.979656 91.304020
103.343808 97.490485 88.143604
104.707189 98.833889 90.764560
105.217835 97.272686 91.223999
102.812031 97.382163 92.665422
101.485067 98.346624 92.507222
101.236760 95.314849 91.319278
102.304153 93.185299 90.249407
101.353156 90.544455 90.829836
101.330348 90.521930 92.330762
100.328233 94.630412 92.339722
98.824816 94.927334 92.498246
97.603786 93.157122 92.931317
97.944167 93.819672 94.636227
97.191487 95.308957 94.835254
98.077529 94.306409 96.116841
98.432268 98.004574 97.022690
100.362808 99.670465 100.897556
100.689723 100.527481 97.425612
99.113905 101.529569 97.924682
100.115878 101.531242 99.669556
99.701931 101.305252 101.650302
101.099047 101.189805 102.244052
101.435817 101.120169 102.206254
100.274868 101.563214 100.116350
99.100317 103.078147 103.416066
101.462755 104.562689 103.741247
102.448133 107.428267 105.129015
101.963534 104.607458 101.194239
104.222862 103.189380 100.435033
103.861214 103.443642 98.162452
104.632913 104.637626 98.876098
103.840483 103.762149 95.141467
104.678309 103.255927 93.033528
104.640114 103.998556 93.794593
105.468579 106.127342 93.711313
105.718307 106.600024 91.530202
107.167150 106.582785 92.335474
107.555175 105.387167 93.466617
108.858888 106.086867 89.357620
110.715607 106.475047 88.930427
109.882018 104.413594 87.620412
110.712802 102.936236 87.792990
109.862543 102.190563 86.786618
110.260983 103.839569 87.231045
111.486201 106.566101 85.957460
112.565790 106.421709 85.904378
113.930229 106.482693 85.308368
115.738232 108.772820 86.897282
119.917018 108.588419 85.462106
119.599911 106.631980 85.511679
118.726739 105.375855 85.035014
117.489534 101.973438 82.906203
118.544487 102.667061 84.698236
121.091721 104.849176 85.743200
119.967879 105.200501 87.992952
122.146261 107.397992 87.818922
123.058356 108.837106 90.297076
121.129658 107.062540 89.623410
121.334772 106.148669 90.260869
120.902463 107.771706 89.771743
121.219547 104.532625 89.424981
120.226752 105.315739 89.097532
122.113812 105.083948 87.313970
122.497306 106.118039 86.521983
120.533370 106.670776 87.775372
121.662272 107.181025 88.187161
124.201019 109.313158 87.912620
122.551315 109.784377 88.753667
121.631070 108.234060 89.691483
121.170954 109.438433 88.145691
119.697978 106.181099 87.010286
119.115405 103.353278 86.466556
118.346946 102.757039 88.281652
119.815352 103.994143 88.454726
118.056932 102.402266 87.068023
119.952640 101.592182 86.541564
119.954145 102.181160 88.347779
121.987288 102.589922 92.021594
123.037413 101.707936 90.524942
122.406955 101.120182 91.482091
121.170236 99.868271 89.514260
121.589289 97.832395 89.980618
120.397745 97.143232 90.184211
120.859752 101.411768 89.948822
117.743913 98.456739 89.707525
116.180923 99.469135 89.211017
117.279620 97.544955 90.659233
119.006002 96.707353 93.030247
123.020801 97.903308 92.896283
122.110694 97.198305 94.128353
124.963363 97.422430 94.577721
122.814885 96.024338 94.419890
119.765188 96.100474 95.109321
121.609200 95.818419 92.957198
121.196169 94.212001 89.614274
120.054775 91.927963 91.766730
121.200882 93.471483 90.722385
123.323388 93.544130 92.668385
121.764612 93.964849 89.712947
121.511967 93.540265 87.426108
121.565334 92.750605 86.639599
122.710436 94.892473 87.176662
124.720736 96.907208 89.346372
127.250247 95.452322 91.714630
127.870804 95.059973 91.506594
129.534930 97.251619 93.682443
127.680971 94.627517 92.603781
128.731598 93.944441 94.146005
129.753408 94.915358 93.448029
131.833715 96.890540 96.804457
132.504133 95.266756 97.204542
133.998596 95.483616 95.748398
134.985220 96.686393 94.271855
133.799097 94.308409 93.901008
134.131607 96.889292 93.204982
136.418989 97.185046 94.292313
134.340705 96.658401 92.802238
134.172871 96.873729 93.624031
135.604995 97.223733 92.619639
137.384250 97.815460 92.229612
139.794357 98.880457 94.269752
136.877066 97.189981 96.499036
