# asian_2d: 253 dates x 2 assets
100.000000 100.000000
101.148250 100.074722
99.495330 99.973536
100.708208 101.162455
97.521758 97.899312
98.286423 99.901956
96.460664 100.027062
97.838074 100.761836
96.208881 99.227669
95.778695 99.758696
96.877781 99.258889
96.760880 99.165123
96.555605 100.091540
96.233357 99.852035
94.458601 99.088820
93.355409 100.560146
93.537804 100.864481
93.661592 99.653785
93.156623 99.509062
94.240304 100.330327
92.690940 99.273763
92.537080 97.388467
93.175659 98.545603
92.117999 100.353098
92.503112 99.922987
94.806406 100.515713
94.992717 98.648134
93.695327 99.865058
92.527723 98.337361
92.232017 97.304440
90.795760 95.476977
90.608657 96.970133
91.498822 99.886328
90.508782 99.536303
90.809368 100.259227
91.646233 98.841621
93.373800 99.758419
92.798080 99.729827
92.121425 98.013614
91.695507 95.740832
90.409032 95.824233
90.959659 94.919746
88.429457 93.772870
88.849497 93.937727
87.742291 93.414245
87.345338 93.392098
87.977499 93.685462
87.749366 94.111345
88.044476 93.374804
87.937661 93.998324
88.574764 94.008066
88.398111 92.843470
88.651599 94.070473
89.114548 93.839539
89.825298 94.211708
90.549590 93.316062
90.082560 93.859238
91.353664 93.721736
90.784922 95.337539
91.210626 95.405069
91.781527 95.134335
89.883651 94.176190
89.495837 93.352093
89.511726 92.472088
88.963904 90.334517
90.317586 92.448110
89.035953 90.208675
89.479184 91.218843
88.970133 89.862016
91.055174 90.234643
91.487413 90.737021
91.852418 92.186694
93.469506 91.514713
93.329098 92.545051
93.541055 91.997831
94.466986 91.929402
94.249814 92.657692
94.931235 94.923811
95.764760 95.347544
97.027196 95.931126
97.118701 96.126194
96.622976 96.161700
96.833723 96.450408
95.682418 96.480694
95.812358 96.387988
95.640673 95.604717
94.809196 97.146085
95.028093 98.048462
95.853308 97.670609
95.681228 97.011722
96.315134 97.714264
95.156310 98.121485
96.252797 97.203250
96.698894 97.707988
94.614282 95.437273
95.259443 94.508855
92.950444 93.399393
90.684169 92.049487
90.799327 92.005715
91.458051 92.260244
91.139211 90.961072
92.460082 90.458222
92.869632 90.566496
92.379791 89.043806
90.433225 88.015283
91.202169 88.444810
89.880944 88.723246
86.985631 87.161749
88.001698 88.668255
87.846615 89.770568
89.787607 90.490162
91.053109 91.192676
92.311136 90.645045
93.190933 92.336723
94.543651 93.109408
92.218941 92.248818
89.571537 91.058913
89.806176 91.827977
89.142608 92.180810
88.773370 90.850380
88.974681 93.230722
89.377459 93.928889
91.251657 96.063200
92.534981 95.231220
91.624462 97.105472
91.888912 96.374705
93.368127 97.568086
91.133208 95.702515
89.845232 93.790661
89.025571 91.996412
88.528275 91.980182
88.304592 91.657073
89.369278 91.912828
89.522518 91.119115
88.201533 90.953633
87.134039 90.536776
88.132801 90.570470
90.523287 92.958247
89.650892 94.690482
90.238907 96.134902
89.711968 96.233904
89.453049 96.443149
88.707275 95.534900
87.889621 92.831670
86.945790 92.608089
85.593962 90.848841
87.075291 89.856861
86.812536 90.188574
87.484959 90.909405
87.809617 91.003105
86.605044 88.224395
88.465659 88.763476
88.590656 87.840831
88.622527 86.501371
87.723225 86.248391
89.709308 87.699567
92.026648 89.090942
92.277369 90.641942
92.299427 89.203581
92.907534 89.890859
93.135279 90.453481
92.743766 90.179475
91.258106 90.190997
90.482059 91.016825
90.603627 90.239163
91.410534 91.000421
91.921225 91.309261
91.282193 92.492493
89.521318 90.565109
90.979250 93.018934
88.801511 93.685509
89.484067 92.012295
88.746528 90.537099
88.832369 90.296543
90.230491 91.194295
91.215563 92.697744
89.961652 91.913507
90.512922 92.500217
89.773038 92.616842
88.459214 91.318795
89.050332 92.294710
87.861295 91.896415
88.487089 93.173544
89.216961 93.728334
88.050477 91.422455
87.111516 90.248996
86.619869 90.246752
87.201650 92.548669
85.365600 90.664660
83.556002 88.571946
82.053783 86.884497
81.081075 85.157438
80.325508 85.397752
80.947267 85.589181
81.750935 83.987103
80.671559 84.114002
80.227374 83.263808
79.773354 82.613196
80.490453 84.307798
79.092992 82.539989
78.498921 82.447201
79.188816 82.732737
79.578487 82.663434
79.956960 81.009103
80.683929 81.419776
79.531784 80.779791
78.282967 81.121847
79.355022 81.754282
77.629722 79.063180
77.707118 78.122072
79.739206 77.849238
78.175760 77.861697
80.200404 77.443397
81.023136 78.169392
80.588907 76.786430
79.828808 76.034752
80.408471 76.781851
80.035103 74.908140
79.355050 74.126840
78.160178 73.804310
79.429336 74.945934
79.021400 73.409147
79.485376 74.543599
79.700175 74.780635
80.012831 74.820100
78.928798 75.807144
80.058313 77.494466
80.073838 78.120789
78.064149 76.988849
77.911150 76.181824
77.017233 74.322464
77.330673 74.591443
77.777829 74.252134
78.582104 76.408753
78.077161 76.678425
75.487346 76.856159
76.922602 77.637802
77.632242 76.731609
78.752898 76.446627
78.420905 75.834383
79.354213 76.473269
79.606067 77.500325
78.402802 77.321823
79.336255 79.597251
80.588853 79.321173
81.556422 78.466653
81.127060 77.949352
81.797751 77.857586
81.649038 78.084913
81.671061 78.365391
81.076675 78.112586
82.187982 79.324133
82.625176 79.845362
